"sample"	"read_file"	"Human"	"Mouse"	"Rat"	"Drosophila"	"Worm"	"Yeast"	"Arabidopsis"	"Ecoli"	"rRNA"	"MT"	"PhiX"	"Lambda"	"Vectors"	"Adapters"
"SRR1555415"	"1"	0.00375943628559653	0.00358855281806942	0.00510640008845732	0.00240744649839671	0.0022214850778525	0.98347456349326	0.00373430636390137	0.000025129921695164	0.00231697878029412	0.0000351818903732296	0	0	0.00257330398158479	0.0000100519686780656
"SRR1555415"	"2"	0.00421177487610949	0.0037845662072917	0.00552858277293608	0.00259340791894092	0.00229184885859896	0.981238000462391	0.00401073550254817	0.0000351818903732296	0.00226671893690379	0.0000301559060341968	0	0	0.00256827799724576	0.0000050259843390328
"SRR1605749"	"1"	0.0140776154700863	0.0102498496416885	0.0108461859957798	0.00628956462349259	0.00572380962089318	0.89322521126617	0.00683493205843077	0.0116209135669069	0.000178391217035852	0.000183488108951162	0	0.0000305813514918603	0.0118604674869265	0
"SRR1605749"	"2"	0.0293886787836777	0.0251072895748173	0.0252958745756837	0.018904372113885	0.0156933302072396	0.884983537039114	0.0194599333326537	0.0114680068094476	0.000152906757459301	0.000168197433205231	0	0.0000407751353224803	0.0207749314468037	0
"SRR1605764"	"1"	0.0187496864181426	0.0176157744217551	0.0249310119913702	0.0122773568812403	0.00810797250514274	0.955190406903818	0.0170036626360945	0.00000501730971852892	0.0123927550047664	0.0349305102603984	0	0	0.0158095429230846	0
"SRR1605764"	"2"	0.0190657769304099	0.0176408609703477	0.0251618082384226	0.0124579800311073	0.00807285133711304	0.953986252571371	0.0170989915207466	0.00000501730971852892	0.0119411971300988	0.0351462545782951	0	0	0.0160052180021073	0
"SRR1656884"	"1"	0.0414738430583501	0.0359154929577465	0.051841046277666	0.0348390342052314	0.0104275653923541	0.966654929577465	0.0260160965794769	0.0000100603621730382	0.0350352112676056	0.0475503018108652	0	0	0.00143863179074447	0
"SRR1656884"	"2"	0.0521579476861167	0.0504225352112676	0.0666348088531187	0.0417454728370221	0.0108752515090543	0.967127766599598	0.0560965794768612	0.00000503018108651912	0.0498591549295775	0.0475653923541247	0	0	0.000895372233400402	0
"SRR2817418"	"1"	0.0520351206310642	0.0392979974269473	0.0555461586169073	0.0278679029620859	0.0277705165070041	0.934356403671982	0.0493698071235629	0.00309073854812172	0.0358330898671956	0.00119426547547655	0.000927734124726421	0	0.00413123593662705	0.000020502411596164
"SRR2817418"	"2"	0.0551207335762869	0.0443569674883008	0.0579603175823556	0.02987713929851	0.0295644775216685	0.932034505558716	0.0584216218432693	0.00316762259160734	0.0401744755226834	0.00116863746098135	0.000881603698635052	0	0.00447465133086279	0
"SRR3140907"	"1"	0.0792174906742246	0.070971541911872	0.101312404665656	0.0567903223370569	0.0403185614393661	0.992111476367151	0.0902422939645495	0.00000503415675357299	0.0698791298963467	0.03675941261459	0	0	0.000729952729268084	0
"SRR3140907"	"2"	0.0717115629546473	0.0679158087624532	0.0886817053709418	0.0511319301460409	0.0244760701358719	0.96946783928958	0.0771081789944775	0	0.0674929395951531	0.0353196437830681	0	0	0.000518518145618018	0
"SRR3180781"	"1"	0.00392532165119397	0.00379225990030604	0.00537876539166215	0.00223646096684715	0.00318324650201128	0.997410413617335	0.0054862383443024	0.0000204710385981433	0.00183727571418336	0.0000153532789486075	0	0	0.00313206890551592	0
"SRR3180781"	"2"	0.00394579268979212	0.00365919814941811	0.00489257822495624	0.00197545522472083	0.00225181424579576	0.995537313585605	0.00400208804593701	0	0.00244628911247812	0.0000102355192990716	0.00000511775964953582	0	0.00156603445275796	0
"SRR3407195"	"1"	0.00267486688990998	0.00236583870755295	0.00354115900766491	0.0016109993768776	0.00166672577041739	0.993353361061436	0.00305481957313583	0.000607924293161358	0.00113985804967755	0.000015198107329034	0.00109426372769044	0	0.00651492200837922	0
"SRR3407195"	"2"	0.00212266899028841	0.0019858860243271	0.00308521578779389	0.00101827319104528	0.0010891976919141	0.978038734909546	0.00233544249289488	0.000633254472043082	0.0011347920139012	0	0.00103347129837431	0	0.00401230033486496	0
"SRR4018567"	"1"	0.00284700714003372	0.00265687309553235	0.00317723995416769	0.00148104413611596	0.00150105824606347	0.981782156420276	0.00380268089002747	0.0122386282329042	0.000540380968582851	0.0000300211649212695	0.00129591361910147	0	0.00274693659029616	0.00000500352748687825
"SRR4018567"	"2"	0.00214651329187077	0.00221656267668706	0.00263685898558484	0.00100570902486253	0.00111578662957385	0.977919433200406	0.0022315732591477	0.0124087481674581	0.000635447990833538	0.0000100070549737565	0.00122586423428517	0	0.00215151681935765	0
"SRR5000465"	"1"	0.00287184336131411	0.00206209418237966	0.00278634189521544	0.00130263998350325	0.00102098809517822	0.991480030378168	0.0019916812102984	0.0000905309641044727	0.00068401172878935	0.0000100589960116081	0.00368662203825436	0	0.00308811177556368	0
"SRR5000465"	"2"	0.0023638640627279	0.00191120924220554	0.00255498498694845	0.0009958406051492	0.000940516127085356	0.984413585680013	0.0016194983578689	0.0000653834740754525	0.000819808174946059	0.00000502949800580404	0.00358603207813828	0	0.00180056028607785	0
"SRR5245224"	"1"	0.0313777953450189	0.0264775485590639	0.0535783963473652	0.0206347517191404	0.0111991162326376	0.961421324941597	0.037448628488322	0.000486477447209596	0.0249674414833508	0.0263711316174868	0.000283778510872264	0	0.0135656263143759	0.000106416941577099
"SRR5245224"	"2"	0.0223475577311908	0.0178729787115442	0.0391107597662881	0.0142243978574722	0.00643569122871028	0.924332487065274	0.0307747660094154	0.00032431829813973	0.016677054987154	0.0251600054728713	0.000233103776787931	0	0.012151801233423	0
"SRR5309371"	"1"	0.0436018460247535	0.0406492552968324	0.0524596182085169	0.034078036500944	0.0279788126704426	0.984303545206629	0.0443517935808685	0.000026221942521502	0.018208516886931	0.0000471994965387036	0.000776169498636459	0	0.0198080553807426	0.0000314663310258024
"SRR5309371"	"2"	0.0333228445563247	0.0313771764212293	0.041131739039228	0.0233165512901196	0.0183763373190686	0.979976924690581	0.0341514579400042	0.0000157331655129012	0.0154027690371303	0.0000157331655129012	0.000723725613593455	0	0.0115533878749738	0
"SRR539261"	"1"	0.0424584138059934	0.0428529894295267	0.122702635349822	0.097808028575582	0.0319969679978402	0.979928561045002	0.035605258239362	0	0.001007206196914	0.00116815151703944	0	0	0.0366020808672357	0.000124602828484207
"SRR539261"	"2"	0.026540402467136	0.0267844163395842	0.0343280792473989	0.0237887566714431	0.0187371503333126	0.970557389986086	0.022127385624987	0	0.000700890910223662	0.000368616700932445	0	0	0.0231138246838203	0.000124602828484207
"SRR5417301"	"1"	0.00428226650434634	0.00398325537686081	0.0050191153542214	0.002749834475983	0.00224792294056086	0.942119988893872	0.00414877939386173	0.0000106789688387689	0.00284060571111254	0.00290467952414515	0.000763546271971978	0	0.00275517396040238	0
"SRR5417301"	"2"	0.00421819269131373	0.00393520001708635	0.00527007112193247	0.0028512846799513	0.00202366459494671	0.943972789987399	0.00403665022105465	0.0000160184532581534	0.00267508169411162	0.00295807436833899	0.000763546271971978	0	0.00284060571111254	0
"SRR5468230"	"1"	0.00350969689451267	0.00325125087871645	0.00411962949179175	0.00226398709837489	0.00223814249679527	0.956420832816441	0.00312202787081834	0.00000516892031592441	0.00186081131373279	0.0000206756812636976	0	0	0.011149361121449	0
"SRR5468230"	"2"	0.00370094694620188	0.00365442666335856	0.00430571062316503	0.00228983169995451	0.00224848033742712	0.953247115742464	0.00355621717735599	0	0.00167989910267543	0.0000155067609477732	0	0	0.0103585163131125	0
"SRR6080162"	"1"	0.00556117796771511	0.00533572480686179	0.00768544774997745	0.00361226064389423	0.00363230092485897	0.987845569594886	0.00547600677361497	0.000285574003747533	0.00365735127606489	0.0000250503512059239	0.00262026673613964	0	0.0122095411777673	0.00012525175602962
"SRR6080162"	"2"	0.00568141965350354	0.00557620817843866	0.00774556859287167	0.00343189811521158	0.00376757282137096	0.975084920690588	0.00526057375324402	0.000300604214471087	0.00341686790448802	0.0000200402809647391	0.00242988406697462	0	0.0124550346195854	0.000200402809647391
"SRR6357070"	"1"	0.00494618131632895	0.00459360220009369	0.00633131355868176	0.00298181195444678	0.00307751200028206	0.952114719170734	0.00499151291698777	0.0000251842225882329	0.00247812750268212	0.00992762054428142	0.000513758140799952	0	0.00367689649788201	0.0000201473780705863
"SRR6357070"	"2"	0.00425613361741136	0.00404458614767021	0.0052332814538348	0.00242272221298801	0.00253856963689388	0.945158836891864	0.00456338113298781	0.0000251842225882329	0.00255368017044682	0.00981680996489319	0.000443242317552899	0	0.00335957529327027	0.00000503684451764658
"SRR6767450"	"1"	0.00392686448272429	0.00381484616150553	0.00441227720800558	0.0016864980583491	0.00155581001692721	0.97020312655581	0.00214079458329185	0.0000684556407447974	0.0000871253609479239	0.0100505327093498	0.00186074878024495	0	0.00481056457233894	0.0000746788808125062
"SRR6767450"	"2"	0.0042193567659066	0.00421313352583889	0.00517773573633376	0.00202877626207309	0.00197899034153142	0.966525191675794	0.00248929602708354	0.0000746788808125062	0.000043562680473962	0.0100380862292144	0.00166782833814597	0	0.00542044209897441	0.000329831723588569
"SRR7174202"	"1"	0.0495540299475647	0.0448997243094221	0.0694145629493486	0.0184009946483594	0.0135466781988216	0.865414346721444	0.0290772474187794	0.0000378398832369317	0.0434509973512082	0.000686523595870047	0.00285961403319098	0.00109735661387102	0.00304340775177037	0
"SRR7174202"	"2"	0.0467538785880318	0.0426239256176009	0.0665062976377101	0.0216768473971566	0.0132277420401103	0.863868317206336	0.028952916373858	0.0000162170928158279	0.0414995405157036	0.000664900805448943	0.00279474566192767	0.000518946970106492	0.00177306881453052	0
"SRR7363059"	"1"	0.00893425012895568	0.00790761264216425	0.012384753682123	0.00618987284719127	0.00450218097866096	0.990665110851809	0.00930484122174869	0.00015023963221338	0.00430686945678357	0.0000350559141831221	0.00164762796660674	0	0.0108072375438825	0.00164261997886629
"SRR7363059"	"2"	0.00786754874024068	0.00725657423590627	0.0115684516804303	0.00490281999789664	0.00416163781231064	0.984199798678893	0.00817303599240789	0.000120191705770704	0.00437698128514981	0.0000450718896640141	0.00158252412598094	0	0.010992533090279	0.00165764394208763
"SRR8109496"	"1"	0.00564280304360257	0.00538198014736494	0.00685663267609307	0.00395247004298562	0.00356625152355682	0.995009254196991	0.00570299294273433	0.0000401265994211738	0.00150976330322166	0.00260321313744865	0	0	0.00700209159899483	0.00000501582492764673
"SRR8109496"	"2"	0.00418319798965737	0.00377190034559034	0.00506096735199555	0.00246778586440219	0.00177058619945929	0.986728127241447	0.00403272324182797	0.0000351107744935271	0.00216182054381574	0.00252797576353395	0	0	0.0039825649925515	0
"SRR8198059"	"1"	0.0022688598979013	0.00198274260989163	0.00253489877973486	0.00144062564313645	0.00115450835512677	0.835778715885533	0.00125490038600736	0.000230901671025354	0.000160627249408942	0.00476360186528393	0.00374462275184596	0	0.0043319161324974	0.00018070565558506
"SRR8198059"	"2"	0.00272062403686395	0.0024043891395901	0.00289631009090498	0.00130509640144765	0.00117960636284692	0.81076102179009	0.00131011600299168	0.000235921272569383	0.000150588046320883	0.00457285700661081	0.00357395629934896	0	0.00385505398581461	0.000105411632424618
"SRR8761856"	"1"	0.0255185411675071	0.0239997594009083	0.0376337079327526	0.0197692253711742	0.0153582420226364	0.983388637707893	0.0308217461479083	0.0000400998486230714	0.0231326001744343	0.000230574129582661	0.0000601497729346072	0	0.00238594099307275	0.0000100249621557679
"SRR8761856"	"2"	0.0245812072059428	0.0230724504014997	0.0355986406151317	0.0183907930747561	0.0148770438391595	0.979904963358763	0.0292428146083749	0.0000551372918567232	0.0219346171968201	0.000230574129582661	0.00000501248107788393	0	0.00254132790648715	0.0000200499243115357
"SRR9114348"	"1"	0.00496188551649627	0.00420659850743282	0.00602729037034073	0.00241091614813629	0.00355134951281487	0.994768011844501	0.00552209839739101	0.0000400152057781957	0.00250595226185951	0.0000250095036113723	0	0	0.00639743102378904	0.00230587623296853
"SRR9114348"	"2"	0.00476681138832756	0.00444168784137972	0.00643744622956724	0.00247594085752586	0.00387147115904044	0.993987715331826	0.00536203757427823	0.0000100038014445489	0.00254096556691543	0.0000150057021668234	0	0	0.00623737020067626	0.00232588383585763
"SRR9336459"	"1"	0.00443237131865548	0.00450240878870196	0.00465248908165869	0.00270144527322117	0.00243130074589906	0.978623563606529	0.00281150415472278	0.0000500267643189106	0.000340181997368592	0.000115061557933494	0	0	0.00560800028014988	0
"SRR9336459"	"2"	0.00253135427453688	0.00253635695096877	0.00316669418138704	0.00132570925445113	0.00132070657801924	0.97632233244786	0.00197605719059697	0.0000250133821594553	0.000405216790983176	0.0000450240878870196	0	0	0.00393210367546637	0.0000650347936145838
